file: results.txt
tp: 1 fp: 2 fn: 3
precision: 0.333333
recall: 0.25
Fmeasure: 0.285714

